0.0 0.0
126.0 1.0
251.0 0.0
376.0 0.0
501.0 1.0
626.0 0.0
751.0 0.0
876.0 1.0
1001.0 0.0
1126.0 0.0
1251.0 0.0
1376.0 1.0
1501.0 1.0
1626.0 0.0
1751.0 0.0
1876.0 0.0
2001.0 0.0
2126.0 1.0
2251.0 0.0
2376.0 0.0
2501.0 0.0
2626.0 0.0
2751.0 0.0
2876.0 1.0
3001.0 0.0
3126.0 0.0
3251.0 0.0
3376.0 0.0
3501.0 1.0
3626.0 0.0
3752.0 1.0
3877.0 0.0
4002.0 1.0
4127.0 1.0
4252.0 0.0
4377.0 1.0
4502.0 1.0
4627.0 1.0
4752.0 0.0
4877.0 0.0
5002.0 0.0
5127.0 3.0
5252.0 0.0
5377.0 1.0
5502.0 1.0
5627.0 0.0
5752.0 0.0
5877.0 0.0
6002.0 0.0
6127.0 0.0
6252.0 0.0
6377.0 0.0
6502.0 1.0
6627.0 0.0
6752.0 0.0
6877.0 0.0
7002.0 1.0
7127.0 0.0
7252.0 1.0
7378.0 18.0
7503.0 4.0
7628.0 7.0
7753.0 11.0
7878.0 0.0
8003.0 3.0
8128.0 1.0
8253.0 0.0
8378.0 0.0
8503.0 0.0
8628.0 0.0
8753.0 0.0
8878.0 0.0
9003.0 0.0
9128.0 1.0
9253.0 3.0
9378.0 0.0
9503.0 0.0
9628.0 0.0
9753.0 0.0
9878.0 2.0
10003.0 0.0
10128.0 0.0
10253.0 2.0
10378.0 12.0
10503.0 1.0
10628.0 1.0
10753.0 0.0
10878.0 0.0
11003.0 2.0
11128.0 1.0
11253.0 2.0
11378.0 0.0
11503.0 0.0
11628.0 4.0
11753.0 0.0
11878.0 1.0
12003.0 0.0
12128.0 0.0
12253.0 0.0
12378.0 0.0
12503.0 0.0
12628.0 0.0
12753.0 0.0
12878.0 0.0
13003.0 0.0
13128.0 1.0
13253.0 0.0
13378.0 0.0
13503.0 0.0
13628.0 0.0
13753.0 0.0
13878.0 0.0
14003.0 0.0
14128.0 0.0
14253.0 0.0
14378.0 0.0
14503.0 0.0
14628.0 1.0
14753.0 0.0
14878.0 0.0
15003.0 0.0
15128.0 1.0
15253.0 0.0
15378.0 0.0
15503.0 0.0
15628.0 0.0
15753.0 0.0
15878.0 1.0
16003.0 0.0
16128.0 0.0
16253.0 3.0
16378.0 1.0
16503.0 1.0
16628.0 5.0
16753.0 1.0
16878.0 0.0
17003.0 0.0
17128.0 1.0
17253.0 0.0
17378.0 1.0
17503.0 0.0
17628.0 1.0
17753.0 0.0
17878.0 0.0
18003.0 0.0
18128.0 0.0
18253.0 0.0
18378.0 0.0
18503.0 0.0
18628.0 0.0
18753.0 1.0
18878.0 1.0
19003.0 0.0
19128.0 0.0
19378.0 1.0
19503.0 1.0
19628.0 1.0
19753.0 0.0
19878.0 0.0
20003.0 2.0
20128.0 0.0
20253.0 0.0
20378.0 3.0
20503.0 0.0
20628.0 1.0
20753.0 4.0
20878.0 8.0
21003.0 1.0
21128.0 3.0
21253.0 0.0
21378.0 0.0
21503.0 0.0
21628.0 1.0
21753.0 0.0
21878.0 1.0
22003.0 0.0
22128.0 1.0
22253.0 1.0
22378.0 0.0
22503.0 1.0
22628.0 0.0
22753.0 0.0
22878.0 1.0
23003.0 0.0
23128.0 0.0
23253.0 0.0
23378.0 1.0
23503.0 0.0
23628.0 0.0
23753.0 0.0
23878.0 1.0
24003.0 0.0
24128.0 0.0
24253.0 0.0
24378.0 0.0
24503.0 0.0
24628.0 0.0
24753.0 0.0
24879.0 0.0
25004.0 1.0
25129.0 0.0
25254.0 0.0
25379.0 1.0
25504.0 2.0
25629.0 5.0
25754.0 1.0
25879.0 3.0
26004.0 1.0
26129.0 0.0
26254.0 0.0
26379.0 3.0
26504.0 0.0
26629.0 0.0
26754.0 1.0
26879.0 1.0
27004.0 0.0
27129.0 0.0
27254.0 0.0
27379.0 0.0
27504.0 0.0
27629.0 0.0
27754.0 1.0
27879.0 2.0
28004.0 1.0
28129.0 2.0
28254.0 0.0
28379.0 0.0
28504.0 0.0
28629.0 0.0
28754.0 1.0
28879.0 0.0
29004.0 0.0
29129.0 2.0
29254.0 0.0
29379.0 0.0
29504.0 0.0
29629.0 1.0
29754.0 1.0
29879.0 0.0